384.77
175.53
406.36
120.65
406.36
128.91
406.36
225.12
225.12
234.20
179.06
128.91
204.58
406.91
204.58
406.36
430.86
364.51
364.51
430.86
325.56
128.91
225.12
204.58
406.91
225.12
225.12
234.20
195.14
364.51
325.56
325.56
325.56
195.14
204.58
204.58
325.56
128.91
430.86
356.17
128.91
195.14
204.58
380.37
128.91
128.91
430.86
179.06
380.37
234.20
430.86
366.87
175.53
430.86
380.37
325.56
430.86
325.56
128.91
406.91
128.91
234.20
234.20
179.06
430.86
320.12
325.56
430.86
430.86
430.86
234.20
426.22
128.91
406.36
234.20
430.86
158.35
325.56
325.56
204.58
234.20
234.20
234.20
158.35
380.88
430.86
195.14
234.20
179.06
234.20
195.14
325.56
430.86
179.06
356.17
366.87
437.40
225.12
380.37
325.56
800.30
1477.12
835.08
1676.79
1216.36
621.12
511.23
1465.26
835.08
1485.59
807.48
1562.23
1608.60
1785.53
1608.60
1443.96
718.30
807.48
1368.94
851.24
1777.14
1785.53
1031.34
1339.72
851.24
1623.81
800.30
835.08
639.73
841.27
1477.12
1045.96
1179.09
947.72
1399.39
802.95
1116.80
1608.60
1477.12
869.00
624.04
1077.35
1114.90
972.58
765.13
1368.94
1623.81
1547.50
972.58
1465.72
947.72
1628.66
1114.90
1468.01
1454.05
628.40
1375.88
1368.94
788.62
807.48
1282.84
594.93
1216.36
1019.85
1477.12
1468.46
883.11
883.11
1676.79
464.68
802.95
972.58
835.08
1312.16
1485.59
1468.46
511.23
835.08
793.58
483.34
1468.01
1485.59
628.40
1676.79
991.49
1185.24
845.35
947.72
628.40
1468.01
1588.80
1231.67
869.00
538.36
464.68
1216.36
1063.46
686.54
686.54
935.38
1894.85
1623.73
1336.74
1085.40
1557.20
1925.32
1152.99
1085.40
1149.07
1780.07
1561.63
1371.86
1553.21
1110.60
1589.75
1755.18
1558.12
1155.05
1987.39
1780.07
993.55
1164.20
1879.09
1823.47
1632.10
1478.11
1429.72
1944.62
924.65
1649.04
616.24
1577.01
1152.99
1590.82
1067.81
1694.37
1110.00
1662.92
1806.06
1539.77
1179.09
1610.25
794.70
1730.86
1710.72
2098.07
1987.39
1779.12
1556.68
1752.72
1193.72
1175.65
2098.07
1623.73
1897.37
1110.60
1585.02
738.92
1663.58
1179.09
1454.47
1770.37
1921.09
1408.25
1558.12
1755.18
1793.07
1189.47
1487.93
1872.81
1587.21
1918.46
1577.01
1222.60
972.95
1033.44
2030.59
1429.72
1662.92
837.36
2159.33
1084.79
1505.19
2159.33
1558.12
1950.30
1778.65
1155.05
1685.92
1260.96
2090.54
1826.08
2159.33
2024.20
1170.54
1461.33
831.96
1844.58
1624.87
1624.87
1505.19
897.78
1328.85
813.95
1435.96
841.27
1165.44
1577.55
1361.30
1483.06
1250.66
1361.30
1048.28
1328.85
1361.30
703.45
1038.42
644.12
1165.44
1165.44
1961.96
947.72
748.57
1364.54
1513.28
784.52
1403.48
1587.21
1370.31
848.42
624.78
640.56
640.56
2279.82
1361.30
779.68
748.57
640.56
901.36
1119.17
875.39
1063.46
1144.41
1276.06
972.95
1166.93
1324.64
640.56
1250.66
1277.26
1718.76
1116.31
650.68
1277.26
625.15
779.68
1361.30
1361.30
625.15
779.66
748.57
784.52
1803.97
1361.30
671.06
1722.49
1502.49
962.14
779.68
1192.88
1110.60
1165.44
1361.30
1361.30
1361.30
1179.09
1416.98
625.15
779.68
1114.90
779.66
927.98
1328.85
500.92
1116.31
752.69
2279.82
539.36
676.38
1468.46
671.06
901.36
658.14
1416.98
1718.76
1139.94
1478.93
795.80
901.36
1559.83
924.65
676.38
847.33
916.02
564.16
406.36
1154.77
872.19
522.58
1235.69
671.06
1250.66
794.70
971.31
751.58
666.59
1139.94
546.04
1276.06
290.36
1077.12
406.36
788.62
788.62
600.23
835.08
1276.06
564.16
406.91
1249.66
384.77
779.68
628.40
1097.95
682.22
1429.72
1133.45
848.42
794.70
1048.28
1084.79
837.36
667.85
636.51
482.65
1110.60
624.78
628.40
1154.77
779.66
255.57
332.06
332.06
707.88
1144.41
667.85
1097.95
802.96
616.27
737.28
795.80
795.80
676.38
564.16
1251.14
448.34
848.42
1165.44
1144.41
355.57
875.39
707.88
1237.62
917.79
752.69
787.42
1250.66
866.07
785.59
402.81
667.85
625.15
332.06
355.57
636.02
650.68
1250.66
960.47
779.68
866.07
636.19
624.78
162.18
764.64
363.02
355.57
1250.66
648.53
785.59
802.96
1166.93
960.47
671.06
331.74
1166.93
331.74
787.42
625.15
960.47
624.78
676.38
779.68
625.15
616.27
331.74
1097.95
804.96
1251.14
1097.95
616.27
960.47
802.96
1251.14
616.27
636.51
448.34
624.78
737.28
785.59
363.02
625.15
1097.95
737.28
650.68
332.06
737.28
960.47
332.06
866.07
625.15
737.28
1048.28
648.53
255.57
448.34
162.18
1251.14
866.07
363.02
787.42
1499.24
1109.32
1309.85
1374.90
1312.16
464.68
616.24
751.58
1109.32
1478.11
751.58
1443.96
1033.44
718.71
1499.24
794.70
851.24
666.59
1154.77
1309.85
648.57
574.10
845.35
1560.78
1271.52
794.70
1499.24
686.23
1389.11
594.93
482.65
1168.72
666.59
666.59
794.70
1500.09
1309.85
835.08
1185.24
1305.54
1500.09
847.33
1077.35
1585.02
794.70
1479.01
1443.96
1168.72
483.34
1312.16
1479.01
600.23
1561.63
1454.05
666.59
1499.24
851.24
574.10
845.35
1500.09
835.08
628.40
1312.16
1515.54
1438.52
751.58
1185.24
1312.16
1453.25
538.36
1560.78
464.68
1454.05
593.83
830.45
1485.59
1389.11
600.23
1453.25
1050.25
483.34
648.57
718.71
1452.17
1033.44
718.71
1500.09
1454.05
801.73
1452.17
574.10
628.40
600.23
1154.77
1154.77
1156.55
648.57
1271.52
1443.96
807.48
1809.91
2279.82
1987.39
1785.47
1807.42
2143.74
1987.39
1862.45
2073.13
2119.83
1862.45
1862.45
1780.65
1862.45
1827.18
1987.39
1694.37
1987.39
1720.21
2119.83
1737.86
1780.65
2279.82
2032.23
1987.39
1776.48
1871.76
2014.72
1718.76
2014.72
1727.10
1964.86
1862.45
1862.45
2014.72
1694.37
1944.62
2159.33
2097.69
1817.77
1771.80
2159.33
1857.04
1771.80
1765.79
2159.33
1851.70
1694.37
2248.12
2014.72
1803.97
2119.83
1776.48
2063.98
2143.74
1849.58
1971.23
2214.64
1776.48
1776.48
1776.48
1897.87
1807.42
2024.20
2032.23
1857.04
1862.45
1803.97
2248.12
1944.62
2164.15
2279.82
1720.21
1857.04
1849.58
2014.72
1851.70
2132.85
2024.20
1776.48
2024.20
1871.76
1589.75
2097.69
2004.34
2004.34
1857.04
1871.76
1776.48
2014.72
1788.75
1857.04
2159.33
1847.26
1987.39
1694.37
1862.45
2073.13
1788.75
1827.18
1295.34
1228.94
848.89
1809.83
1435.34
667.98
1277.26
1344.18
535.67
1113.16
2143.74
1522.76
1815.02
1721.56
1577.55
1837.25
1632.61
1718.79
1653.69
1284.51
1411.95
2162.03
1806.06
1915.79
1281.64
1372.31
1608.55
883.11
1881.36
1403.48
1662.88
1603.89
1797.14
1092.94
1501.24
2159.33
704.94
2015.18
1707.38
380.88
2159.33
2030.76
1033.44
764.24
1295.34
1649.04
1885.87
667.98
1589.65
1439.17
1506.38
1365.73
1113.16
2159.33
1557.20
1033.44
1429.72
1945.95
1500.28
1842.24
1406.95
1152.99
737.28
158.35
1336.74
1302.97
1235.69
1987.44
1295.34
830.45
1639.55
1372.83
1361.30
384.77
1516.58
1612.43
1351.69
1739.49
636.51
1779.92
1110.00
848.89
1476.03
1871.76
636.19
1419.34
1479.01
1555.48
927.98
1653.69
2248.12
960.47
1090.31
1313.53
1577.55
1643.96
1858.36
1273.45
922.69
1231.67
1287.00
1778.65
1502.02
1745.09
1839.47
1788.75
1775.03
1788.75
1295.34
1746.74
1550.55
1229.87
1170.54
1531.20
1412.13
1249.66
1455.85
1423.86
1371.86
1605.84
879.65
1663.58
1826.08
1164.20
1261.41
2159.33
1170.54
1492.08
1623.81
1915.79
543.18
1468.46
1342.39
1092.94
648.53
1450.67
1250.66
1228.94
1747.22
1273.45
1048.28
1339.93
875.39
1915.79
1110.60
1987.44
1967.87
1090.31
799.12
1761.68
1603.60
1632.61
1797.14
2159.33
1600.42
802.95
1682.33
636.51
765.13
2030.59
1745.09
789.01
731.28
1345.66
1590.82
1183.74
794.70
1785.53
1662.92
2030.76
1862.13
1889.71
935.38
1827.44
1302.97
1447.95
1640.78
1905.50
1742.34
1649.49
1033.44
1775.03
1871.27
1569.37
1624.11
1458.63
546.04
1183.16
693.36
1434.42
1951.77
2090.54
1361.30
1452.17
1222.60
1525.26
1649.49
1847.26
1338.30
1568.41
1462.01
1447.95
1828.37
1550.04
1179.09
1674.09
1342.39
1437.95
1606.76
1951.77
1531.20
1663.58
1673.89
1515.99
1615.13
2164.15
1989.13
1894.85
1539.00
990.84
1185.24
2337.73
1857.04
2159.33
1394.55
1603.60
992.40
457.49
1419.48
1545.67
1206.95
1033.44
1139.94
1720.21
1979.83
1682.10
1827.44
1837.25
2124.16
1770.37
1623.81
1691.68
1918.46
1468.01
2065.16
1656.28
1360.76
1776.48
1779.08
1858.36
509.52
647.00
1879.09
1593.12
1755.18
1899.69
1608.55
2050.62
1557.20
2013.21
1394.38
1831.92
883.11
1558.12
1698.94
1739.49
1163.10
1531.20
873.97
1870.43
1623.81
710.25
1603.89
1776.62
1180.63
1175.65
1649.04
1752.18
1705.90
511.23
866.05
628.40
891.90
1522.45
1421.07
751.58
1817.77
966.26
1084.79
1718.76
1516.58
1050.25
1745.09
1193.72
1114.90
1560.78
616.24
1408.25
1215.96
1703.20
794.70
1394.38
1048.28
1842.24
1466.95
1480.87
1780.07
1710.98
695.66
2079.14
1705.90
1170.54
1170.54
1691.68
1624.11
1163.10
1710.72
1682.62
1589.65
1624.01
1450.67
1761.68
992.40
1388.05
1345.66
1612.43
1189.47
1695.08
1915.79
879.65
1468.19
1292.77
1809.91
1673.70
1215.96
636.19
1215.96
1837.25
1659.50
992.40
1913.87
1485.59
1149.07
1987.39
1468.19
1456.34
624.78
1170.54
1715.29
1395.03
916.02
927.98
1842.10
1119.17
1292.93
1752.03
1587.21
1499.24
847.33
1968.40
1336.74
1761.68
1718.79
1573.12
1501.10
1501.24
2098.07
883.11
1755.18
1496.46
1623.81
1384.78
1791.69
676.38
1705.27
1353.87
1917.57
1903.76
1501.24
1671.23
1547.50
1759.33
1593.24
1033.44
917.79
1206.95
1125.36
1435.34
1793.52
2159.33
1577.55
1116.56
1110.00
1231.67
1539.10
1023.65
2004.34
1807.67
1770.37
1269.10
1600.42
1662.92
303.94
2239.35
1372.83
1600.42
1568.41
1718.76
1977.89
1063.46
666.59
1183.74
648.57
1721.56
1718.76
1878.06
406.91
1403.60
1722.49
1560.78
1590.82
1458.63
1179.09
1718.71
1170.54
1633.26
1761.68
1536.60
1889.90
1759.97
949.04
1502.02
621.12
1556.68
1797.14
1915.79
835.08
1522.45
1033.44
981.72
1798.47
873.97
1673.70
1755.18
1589.65
1951.77
1968.40
1468.19
1113.16
1260.96
1745.09
1168.72
1623.81
1827.44
648.53
1092.94
1516.68
966.26
1775.03
1271.52
1903.76
616.27
1815.02
1485.05
1839.47
1798.47
221.23
805.12
1701.23
624.78
1033.44
1543.17
1515.99
1682.98
1342.39
1872.44
1354.00
1757.81
703.45
1577.55
1535.30
1183.74
1462.01
1632.10
1755.18
572.73
1170.54
742.25
1475.40
1548.87
1110.55
1516.68
866.05
1114.90
1155.05
1638.66
1878.06
1879.09
1862.45
1387.17
2024.20
1720.21
1030.13
1209.08
788.53
1058.50
1489.99
1045.96
1775.03
1797.14
1489.99
686.54
1395.03
1267.98
1785.53
1745.09
1847.84
1366.61
1809.91
835.08
1501.24
1206.95
879.65
1915.79
1373.40
1586.22
1724.42
924.65
1215.96
1558.12
600.23
1624.68
1372.83
913.29
1950.30
1518.93
2143.74
1209.08
494.63
1017.64
1491.90
1778.65
1817.77
1701.23
1339.93
1516.68
1705.24
1628.60
1447.95
1422.12
1881.36
1372.83
1556.68
1447.95
1666.29
1819.41
1753.84
1797.14
1273.45
1202.69
1203.93
1438.52
1603.89
981.72
2079.14
1505.19
779.68
1483.33
2004.34
1459.63
1113.16
1022.81
1459.63
1248.46
949.04
1342.39
962.14
1374.90
1198.24
1273.45
1695.08
924.90
1090.31
1113.16
1237.62
1459.63
1556.70
718.30
1676.79
1273.45
667.85
1256.92
962.14
1423.86
1048.28
1589.65
1193.72
1305.54
1256.92
1696.72
1170.54
1637.65
1228.94
1612.43
1905.50
2159.33
1702.81
1396.28
624.78
1721.56
1718.76
1468.19
1416.98
1674.09
1788.75
1489.99
1459.63
1443.96
1045.96
2143.74
1809.83
2050.62
1023.65
1305.54
1215.96
1673.70
1458.63
564.16
1775.03
1454.05
1777.72
1362.39
866.76
1555.48
1703.20
1372.83
1842.10
1557.20
1478.31
1180.63
1531.20
2197.33
1389.11
1356.46
1988.56
1676.79
1577.55
1839.05
1489.99
1523.26
1515.54
1451.85
1579.73
2030.76
848.89
779.66
2000.42
1459.63
1267.98
359.10
1313.53
794.70
935.38
1832.34
962.14
1519.98
1691.38
1755.05
1309.85
1873.19
1516.68
1396.28
1577.01
1815.02
1535.30
1666.29
1624.11
1550.55
891.90
1730.86
1577.55
1222.41
1485.69
1666.29
1588.80
1273.45
1632.61
1607.34
1705.27
1746.74
1167.78
2015.18
1523.26
1779.12
897.78
2119.83
1559.83
1906.35
1412.13
1084.79
2030.59
1705.90
1535.30
917.79
1361.30
1833.27
1649.42
1615.13
1339.93
540.97
1603.60
628.40
1302.97
1366.61
2143.74
1273.45
1374.91
1710.72
924.90
640.56
1215.96
1514.40
1439.17
1557.20
924.65
1165.44
1500.09
1478.93
1436.66
1423.85
1844.58
1600.42
1220.35
795.80
1577.55
1755.18
1577.01
1439.17
1489.99
667.98
1510.57
981.72
992.40
1295.34
1696.86
1638.66
1849.58
1189.47
1673.70
703.45
1673.70
1839.05
511.23
1837.25
1193.72
2098.07
793.58
666.59
1489.99
1110.60
1792.31
1389.11
1843.97
1547.50
1477.12
644.69
1228.94
837.36
1740.85
1761.68
522.58
1228.94
802.95
784.52
872.19
1531.20
1480.87
1535.30
2279.82
682.22
483.34
448.34
1573.12
966.26
1642.15
1017.64
1894.85
1638.66
255.57
1519.98
1269.10
573.58
1171.54
1422.12
847.33
1724.42
1798.47
1827.44
788.53
290.36
1515.54
1190.16
1336.74
1561.63
1171.68
1691.15
406.91
764.24
1665.23
1649.49
686.54
891.90
1144.41
1485.69
1453.25
1423.86
1724.42
221.23
1349.04
788.62
1483.33
1564.90
1746.74
1673.70
1490.96
1809.29
1386.33
1951.77
1220.35
1569.37
866.76
1483.06
1292.77
1033.44
1558.09
1705.24
1624.01
1745.09
1510.57
1659.50
1507.04
1170.54
1364.54
1202.46
873.97
1796.70
1695.08
1525.26
1516.68
2239.35
1917.57
1873.94
494.63
1260.96
1237.71
1960.67
1585.02
897.78
1432.79
962.14
1897.37
1755.18
2248.12
1695.08
1573.12
1033.44
1899.69
1710.98
593.83
1163.10
913.29
1354.00
1501.24
1459.63
1525.26
1630.66
1444.13
902.09
1423.85
1110.55
1522.45
1577.01
795.80
1688.90
1519.98
1154.77
624.78
869.00
1353.77
866.07
1539.10
1085.40
1960.92
1710.72
636.51
1502.02
1531.20
1215.96
1125.36
1264.53
1960.92
1522.45
1809.29
1894.85
2000.39
1496.46
1394.55
1190.16
1485.05
1459.63
1739.49
1796.70
609.73
1803.97
1872.81
1862.13
1800.86
1354.00
1346.14
1119.17
1110.55
1755.18
835.08
380.88
795.80
594.93
1175.65
1110.60
895.14
715.19
949.04
1336.74
1361.30
704.94
924.90
2279.82
913.29
1716.13
1839.05
1625.53
1739.49
380.88
1483.58
1545.67
1097.95
1375.88
1500.28
1206.95
2000.39
1423.85
1562.23
710.15
2080.00
1273.45
2000.42
949.04
1416.33
1276.06
1755.18
764.24
1438.52
290.36
1466.95
1665.23
1900.18
667.85
1747.22
1097.95
1033.44
990.84
1260.96
1765.67
1421.07
1607.34
1478.31
950.24
713.71
1090.31
1977.89
1915.79
1110.00
1862.45
1819.41
1590.82
1077.35
1603.89
1536.60
751.58
1671.23
1090.35
1600.42
1265.57
1429.72
1710.72
1510.57
1455.85
1685.92
1555.48
1586.22
1435.34
1273.45
1588.80
1758.56
1145.33
1632.61
1215.96
981.72
1682.62
1579.73
1881.36
866.76
1170.54
924.90
1084.79
1913.87
1243.10
1970.01
664.43
1349.04
1478.93
1225.63
1578.97
1817.77
1815.02
1584.73
1273.45
1295.34
1673.89
2119.83
448.34
1857.04
703.45
866.05
1716.13
1017.64
1458.63
609.73
1839.67
1437.95
1979.83
1951.77
1215.96
1691.68
1485.40
1951.77
1695.08
1459.63
872.19
837.36
1623.81
1097.95
1649.04
1516.68
1342.39
2337.73
1569.37
1568.41
1558.12
1222.60
1745.09
1796.98
1828.37
574.10
1017.64
1050.25
1662.92
1844.58
1666.18
1461.33
1815.02
1593.24
1435.34
1682.33
1796.98
1432.79
2065.16
1017.64
1399.39
969.85
1649.49
1779.92
1690.82
671.06
1384.78
830.07
1273.45
1269.10
1222.41
540.97
1531.20
1353.87
1628.60
1171.68
636.51
1120.22
1674.09
609.73
564.16
1590.82
1810.37
1394.38
1777.72
1661.61
1810.37
1682.33
1661.61
1671.23
1264.53
1746.74
1623.73
1237.71
748.57
1170.54
1110.60
1501.10
482.65
1489.99
2098.07
1745.09
1411.95
1336.74
831.96
1716.13
2162.03
1459.63
1084.79
1872.44
1273.45
1353.77
1535.30
1567.43
972.58
1192.88
1844.58
1699.90
2072.18
1421.45
1637.65
1826.93
1603.60
1979.83
1682.62
1573.12
1676.79
1339.93
1916.37
1439.17
1608.55
1406.95
1522.45
1434.71
1531.20
874.99
640.56
1643.96
1619.00
1273.45
511.23
1110.00
1510.91
1190.16
625.15
667.98
1558.12
1665.23
1573.12
1459.63
1899.69
2097.69
2124.16
1208.82
1513.28
972.95
1500.28
847.33
1732.12
644.12
1600.42
1110.55
1555.48
1897.37
1365.21
1590.82
962.14
1531.20
1716.13
509.52
1365.73
1198.24
1447.39
1387.43
1588.80
667.98
1447.95
1487.93
204.58
686.54
1840.75
1558.12
962.14
1110.00
1718.76
667.85
594.93
1840.75
1666.29
1645.06
1737.86
2050.62
1295.34
1505.19
1292.77
1747.22
644.69
1695.08
1661.61
2337.73
593.83
1716.13
1485.59
1505.19
1520.73
667.98
1248.46
1688.90
1459.63
813.95
1438.41
1849.58
1501.24
837.36
1465.72
1309.85
1730.86
1827.18
2030.59
546.04
234.20
448.34
631.81
1705.90
1897.19
1539.10
1465.26
1807.33
1643.68
1755.18
678.74
1793.36
1771.80
1603.89
1755.05
1889.90
1438.52
1847.08
1454.05
1116.56
1452.17
795.80
1730.86
1489.99
1718.76
1237.07
1455.85
331.74
1758.03
1438.41
1362.39
482.65
1063.46
1705.90
1558.12
1705.90
1017.64
1809.83
1416.98
835.08
902.09
1225.63
929.16
636.51
1110.55
1776.48
1862.45
1516.43
648.53
1201.26
1145.33
1237.62
1787.41
1248.46
1639.55
1311.23
1468.19
1573.12
1862.13
807.48
1410.58
1829.06
1698.94
431.17
2050.62
1510.57
2143.74
1732.12
788.53
1222.60
682.22
1770.37
1685.92
751.58
924.65
1798.47
546.04
969.85
947.72
1632.10
1523.26
2248.12
992.40
1201.26
1058.50
1618.13
2000.39
658.14
1711.55
1361.30
1459.63
789.01
1579.73
1437.95
1930.24
2000.39
726.14
1637.65
1149.07
1839.05
1516.68
1606.76
1643.96
1180.63
1145.33
1170.54
872.19
1452.17
1483.77
1656.28
1476.03
1395.65
1535.30
1190.16
1419.88
1492.64
1996.18
1017.64
1915.79
1569.37
1685.92
1531.20
1203.93
1515.99
1951.77
1624.87
852.02
1588.80
1434.71
2014.72
1779.92
1699.90
1721.56
1456.34
1577.55
1628.60
1944.89
1144.41
1561.63
813.95
1753.56
1915.79
384.77
1593.24
1828.37
2050.62
1459.63
1438.52
779.68
1166.93
1889.87
1170.54
1796.98
1202.46
1031.34
1535.30
1502.02
1269.10
1721.56
1149.07
221.23
990.84
1757.81
2030.76
1809.91
1632.61
2097.69
1338.30
1587.21
1649.49
1565.16
1412.13
1468.19
1449.26
1705.24
1017.64
1336.74
1492.02
1171.54
1166.93
715.19
1765.79
1338.30
1437.95
960.47
1192.88
1437.95
1605.84
1170.54
1311.23
1758.03
835.08
1970.01
848.42
779.68
1710.72
966.26
1603.60
1970.01
966.26
1745.09
1797.14
2007.62
657.80
572.73
872.19
1473.75
1705.90
589.11
1916.37
1829.06
1257.31
1586.22
628.40
731.28
1729.08
949.04
120.65
1360.76
1718.76
1663.58
1586.22
1970.01
1729.08
2030.76
1698.00
1456.34
1366.61
1643.96
962.14
1454.05
1462.01
1798.47
1225.63
1599.27
1144.41
1545.67
1561.63
1478.93
1483.06
1229.87
1843.97
1114.90
1761.68
2097.69
813.95
1842.10
128.91
1987.44
1394.55
1765.67
1710.72
1050.05
1705.90
1988.56
1682.33
1603.89
625.15
1531.20
1663.58
631.81
1438.52
1643.68
917.79
1752.72
1649.49
1149.07
234.20
1918.89
544.12
255.57
1394.38
913.29
1724.42
1871.76
1587.80
1944.88
1513.28
1468.19
1593.12
1058.50
830.07
1555.48
1273.45
1395.03
1485.59
1478.93
1639.12
1691.15
1510.57
718.71
1523.26
1502.49
1839.05
1250.66
640.56
1081.05
1396.28
1349.04
962.14
1624.87
1587.21
1395.03
780.15
1915.79
883.11
2024.20
1847.84
1536.60
1238.04
1522.60
913.29
1797.14
1366.61
969.85
1590.82
897.78
852.02
535.67
771.83
494.63
1763.16
1828.37
1579.73
1190.16
1189.47
667.85
1662.92
1745.18
1260.96
572.73
1671.23
1691.68
570.99
1339.93
764.24
897.78
1114.90
2030.76
872.19
402.81
1273.45
1987.44
1483.58
1842.10
1931.21
1500.28
1623.81
1931.21
1295.34
949.34
1110.60
1710.98
1276.06
1559.59
927.98
1505.19
2159.33
1603.60
1370.31
1979.83
1964.86
1434.42
1749.93
1718.76
981.72
1881.36
1377.35
1222.41
1519.98
1718.71
1518.93
431.17
1562.23
804.96
897.78
150.34
1724.68
1745.09
1663.58
1193.72
1215.96
1658.97
2032.23
1600.42
1271.52
1423.86
682.22
1732.12
1871.27
916.02
1817.77
1273.45
1682.98
1797.14
1624.11
600.23
1203.93
1506.38
1819.41
1628.66
1216.36
1516.58
1416.98
1222.60
1875.72
1558.12
1805.77
1558.12
1085.40
1797.14
1513.28
1666.29
1017.64
1642.15
1116.56
907.19
1459.63
1593.24
1522.76
1454.47
1776.48
1149.07
601.81
960.47
1718.71
1556.70
1703.20
1365.21
1292.77
1295.34
774.64
2030.76
1273.45
2024.20
1048.28
1671.23
678.74
1305.54
1229.87
1110.55
359.10
1765.67
1673.89
535.67
1139.94
2159.33
1889.87
1107.96
1779.12
1454.47
1638.66
1600.42
1494.23
2248.12
1033.44
764.24
1921.09
1691.68
1558.12
1964.86
2239.35
1461.33
1761.68
1559.59
1423.86
1260.96
1193.72
1287.00
1606.76
1531.20
1997.52
1454.47
1588.80
1624.87
1691.15
1253.76
1843.97
1060.47
1423.86
1438.41
1606.76
2162.13
666.59
1190.16
1394.55
1899.69
1847.26
1149.07
2024.20
1649.04
1625.46
1827.44
837.36
852.02
1806.06
221.23
1842.24
1979.83
1987.44
1696.72
1516.68
1489.99
1523.26
1807.33
128.91
1565.16
1189.47
1228.94
1979.83
1265.57
1090.31
1434.71
1691.15
1682.62
1483.58
1624.11
1516.68
1803.97
738.92
1550.55
1116.31
1277.26
875.39
600.23
891.90
1649.49
639.73
1628.66
835.08
1539.00
1827.18
1809.29
1478.31
1847.08
1515.99
1367.64
1568.41
1809.83
1171.68
500.92
1208.82
1699.90
1619.00
1776.48
2072.18
625.15
540.97
1724.42
1163.10
1732.12
1085.40
1819.41
1017.64
1565.16
1189.47
1203.93
1361.30
1573.12
1987.44
1344.18
1862.45
1491.90
1430.04
1761.68
1785.53
1931.21
1800.86
1642.15
1312.16
2162.03
1165.44
880.41
1633.26
1192.88
1557.20
844.90
1305.54
1396.28
1589.65
1635.50
1840.75
1090.35
1522.76
1588.80
570.99
1673.70
1557.20
1883.21
1897.19
636.51
609.73
1732.46
1900.18
1229.87
1732.20
686.54
1222.60
1386.33
748.57
2162.13
1374.91
1092.94
1915.79
1727.10
1489.99
1022.81
1048.28
1437.95
1638.66
1758.56
1506.38
1645.06
1565.16
1170.54
1839.05
1674.09
1377.35
1916.37
355.57
1791.96
1429.72
1685.92
624.78
764.24
1759.33
1809.29
1113.16
949.04
1603.89
1931.21
1765.67
1344.18
1682.98
1705.24
1192.88
1780.07
1695.08
1483.06
1396.28
1282.80
1133.45
1716.13
2337.73
1336.74
1847.84
2337.73
1798.38
1577.01
1603.60
715.19
992.40
1577.55
703.45
1494.23
1453.25
1862.45
917.79
1827.44
1742.34
1556.68
1746.74
1603.89
1900.18
564.16
922.69
715.19
1410.58
774.64
1833.27
1662.92
2248.12
1671.23
1394.38
1067.81
406.36
992.40
1556.70
1462.01
1695.08
1050.05
1097.95
1403.60
1311.23
1628.66
847.33
1048.28
1547.50
1505.19
2065.16
751.16
1410.58
522.58
755.30
1827.44
1377.35
1831.92
1516.58
1502.02
1454.47
1778.65
1875.72
1023.65
1872.81
1536.60
1558.12
960.47
1459.63
1757.81
437.40
1778.65
1839.05
1155.05
1522.45
1085.40
1796.98
1228.94
1356.46
1432.79
1557.20
715.19
1658.97
1632.10
1586.22
1202.69
907.19
1842.10
667.98
1777.72
2024.20
860.32
1499.24
1752.72
1356.46
795.80
1826.93
1208.82
1285.20
1392.10
1732.20
1154.77
1370.31
1970.01
1633.26
1251.14
1600.10
1336.74
1349.04
917.79
1639.55
1144.41
667.98
1110.00
1435.34
402.81
1674.09
543.18
1485.40
1209.08
1796.70
1649.49
1878.06
1458.63
1623.81
437.40
1203.93
1827.44
1847.08
1208.82
1695.08
1881.36
1642.15
1514.40
1585.02
1171.54
1623.73
221.23
2337.73
1365.73
1097.95
779.68
726.14
1844.58
1361.08
1455.37
2024.20
1917.57
1480.87
1619.00
1558.12
966.26
1694.37
1623.81
1569.37
1336.74
1461.33
1837.25
1489.99
1745.09
935.38
830.07
1690.82
1716.13
1423.85
972.95
2248.12
1454.05
1496.46
1565.16
1483.77
1489.99
1228.94
1468.01
1295.34
1842.24
1220.35
1826.93
1755.18
1419.34
2143.74
1345.66
1454.05
1730.86
1556.68
1475.40
1063.46
1077.35
1623.81
1628.66
1847.08
1695.08
1273.45
788.53
1154.03
1170.54
1819.41
1661.61
1273.45
1758.56
1387.17
1710.72
1997.52
1711.55
1624.11
1611.66
1606.76
1228.94
500.92
1624.11
2159.33
1737.86
1871.76
2337.73
1800.86
1918.46
1149.07
1017.64
1264.53
1796.70
1590.82
1605.84
1228.94
1666.29
1780.07
873.97
1843.97
1386.33
1970.01
2337.73
1295.34
703.45
1557.94
1833.27
1752.72
1649.04
788.53
1951.77
1807.42
1842.10
1423.85
1605.84
1987.44
221.23
564.16
1439.17
848.42
1406.95
1190.16
1755.05
1163.10
1260.96
1516.68
1273.45
1745.18
1593.24
1339.72
1228.94
1793.52
1565.16
1535.30
831.96
1970.01
1506.38
1522.45
1295.34
1489.99
1810.37
1394.38
1033.44
540.97
799.12
1623.81
978.13
1458.63
1573.12
1539.10
2143.74
1809.29
1718.71
1611.66
1643.96
1458.63
1872.81
1487.93
1565.16
1758.56
1899.69
1573.12
1747.22
1623.81
1502.02
1755.05
1005.67
1485.59
1995.87
1903.76
1573.12
1110.60
1696.65
1951.77
1437.95
1615.13
1632.61
1951.77
1022.81
1649.49
667.98
1295.34
1556.68
751.58
1477.12
1640.78
2072.18
1776.62
1639.12
1201.26
1081.05
1389.11
1899.69
1720.21
1461.33
1807.67
1344.18
981.72
1780.07
1077.12
1612.43
1110.00
1519.98
1829.06
1918.89
1996.18
1489.99
897.78
1828.37
1168.72
1603.60
1361.30
1739.49
1360.76
972.95
1228.94
1785.53
1459.63
1593.12
1050.25
1663.39
1556.70
1785.47
1970.01
1827.44
544.12
1311.23
1145.33
1403.60
2164.15
751.58
1619.00
1977.89
1145.33
1295.34
1843.97
1728.07
1578.97
1564.90
499.26
676.38
1090.31
1588.80
631.81
1691.68
1567.43
1661.61
1513.28
1558.12
686.54
1603.60
1778.65
1897.37
1872.81
1873.94
1522.45
835.08
788.53
1419.34
1048.28
1416.98
1515.99
1478.31
972.58
1632.10
2030.59
628.40
1718.71
1166.93
924.90
1676.79
1295.34
1776.62
1776.48
1502.02
907.19
1451.85
981.72
1282.84
1483.77
1084.79
1555.48
1632.42
1107.96
869.00
1455.85
1158.68
1797.14
1311.23
1273.45
1827.44
1454.05
802.95
1154.03
1522.45
738.92
624.78
448.34
568.17
1386.33
1745.09
715.19
1624.11
1510.57
1395.03
1587.80
1827.44
1930.24
788.62
1423.86
2248.12
1610.25
1780.07
1349.04
1516.68
1632.61
1345.66
1144.41
962.14
1642.15
1729.08
1437.95
1366.61
1653.69
807.48
922.69
935.40
1698.00
966.26
1531.20
860.32
897.78
1423.86
917.79
845.35
290.36
1871.76
897.26
837.36
1849.58
785.59
1996.18
1492.02
1586.22
2000.39
1423.85
830.07
1831.92
1807.42
1732.12
658.14
924.90
788.53
1632.10
609.73
1718.76
1827.44
1459.63
2097.69
1084.79
966.26
1739.49
1587.80
1943.24
1857.04
1494.23
1659.50
1703.20
671.06
1572.91
873.97
1643.68
857.42
303.94
949.04
1302.97
1761.68
1761.94
1063.46
1500.09
1265.57
873.97
1419.88
1661.61
1487.93
1623.73
2050.62
789.01
1580.95
956.61
1917.57
1170.54
1189.47
969.85
1996.18
1309.85
1285.20
1988.56
1603.60
1202.90
1727.10
1336.74
1487.93
1997.52
1796.98
1170.54
1489.99
1827.44
1779.92
1110.00
1915.79
1114.90
1575.87
1600.42
1815.02
1705.90
2164.15
2080.00
851.24
1489.99
1871.76
1483.33
949.04
752.69
1134.47
2159.33
1386.33
1466.95
1759.97
676.38
1612.43
1502.02
1810.37
500.92
1050.25
1710.53
1796.98
922.69
1145.33
1979.83
1718.71
1703.20
1632.10
1251.14
500.92
1967.87
1483.06
1248.46
2143.74
1478.11
1759.97
1256.92
1556.70
1796.70
1776.48
1718.79
981.72
1663.58
1338.30
1336.74
2097.69
1483.06
1761.68
1406.95
1785.47
835.08
866.18
1179.09
1387.17
1755.05
1222.60
1918.89
1366.61
1423.86
1688.90
1281.64
1500.09
1144.41
1951.77
1883.21
1257.31
949.34
1107.96
1462.01
2239.35
737.28
1728.07
1487.93
2143.74
1454.05
1967.87
640.56
1608.55
1423.86
935.40
1688.90
1273.45
1048.28
1624.68
1228.94
1653.69
1631.49
1492.64
1649.04
1450.67
1557.20
1345.66
2337.73
1513.04
1281.64
1113.16
1273.45
1989.13
1642.15
1623.81
880.41
1459.34
1809.83
1623.81
1794.57
2013.21
830.45
1603.89
1770.91
1628.60
873.97
1862.45
704.94
1502.02
1605.84
1536.60
1193.72
703.45
969.85
1806.06
1110.55
1624.11
1761.68
1483.58
1796.98
1281.64
2050.62
1572.91
1695.08
1832.34
540.97
1285.20
1084.79
1757.81
1719.37
431.17
322.00
1317.33
1827.44
1897.37
1344.18
1732.20
1849.58
1154.77
1558.12
1847.84
1429.72
1607.34
1499.68
1339.72
2050.62
1456.34
1253.76
877.17
1761.68
1361.30
715.19
1215.96
1894.85
835.08
1502.49
1593.24
1344.17
1459.63
966.87
751.16
1745.18
1659.50
1190.16
1235.69
1970.01
1454.47
2079.14
678.74
1516.58
807.48
1168.72
1356.46
873.97
949.04
1478.93
801.73
1915.79
1339.93
1206.95
1878.06
1349.04
1462.01
1625.53
1373.40
1164.20
1265.57
1466.95
1691.68
924.65
676.38
873.97
570.99
1899.69
1745.09
1346.14
1190.16
572.73
1017.64
1447.95
1399.39
1306.64
2337.73
1144.41
1346.14
1603.89
1778.65
1797.14
1699.90
1555.48
1438.52
1745.09
1865.67
1696.86
1623.73
1558.12
949.04
1676.79
1295.34
1084.79
1842.24
2030.76
1916.37
1190.16
1603.60
835.08
913.29
2000.39
1190.16
1555.48
572.73
1522.45
1977.89
795.80
1556.68
1665.23
1881.36
234.20
1265.57
1997.52
1967.87
636.02
1389.11
1557.20
1915.79
1798.47
2024.20
1389.11
1577.01
875.39
1361.08
962.14
805.12
1434.42
225.12
1996.18
640.56
658.14
1593.12
1285.20
2030.76
1090.31
1921.09
1889.90
949.04
1837.25
1623.81
2030.76
949.04
807.48
1590.82
1556.70
1556.68
666.59
1710.53
2197.33
1171.68
1149.07
683.10
1755.18
1809.83
1568.41
2159.33
1640.78
1522.76
448.34
1134.47
1796.98
1997.52
2098.07
1913.87
851.24
1624.11
1443.02
2013.21
1354.00
1346.14
1586.22
1827.44
764.24
1871.27
1408.25
1587.80
1771.80
1364.54
1375.88
1467.52
1951.77
703.45
981.72
1980.99
1796.98
290.36
1539.10
1473.75
1513.04
1765.79
1760.00
446.94
969.85
1575.52
1632.42
1559.59
785.59
1476.03
847.33
1499.24
1367.64
1628.66
1810.94
1673.70
788.53
1661.61
1628.66
1215.96
1342.39
1858.36
1823.47
1623.81
1862.13
631.81
1951.77
1556.68
1883.49
1989.13
1110.00
1394.38
1610.25
1237.07
1665.23
1716.13
1828.37
1630.47
1663.58
1857.04
682.22
1516.68
715.19
1690.82
1510.57
1695.08
1372.83
731.28
1346.14
1406.95
1475.40
1516.68
1872.44
1839.47
1371.86
2214.64
866.18
1588.80
907.19
1608.55
1267.98
1109.32
1590.82
1492.64
1183.74
594.93
1458.63
1449.26
1435.34
1718.79
1658.97
1502.49
1718.79
1823.47
1473.75
1584.73
1394.55
1189.47
1399.39
1996.18
866.05
960.47
1840.75
779.68
1705.90
1661.61
1459.63
1361.30
1779.08
1466.95
1889.71
1872.44
799.12
1721.56
1192.88
799.12
1164.20
949.04
1755.05
1828.37
1489.99
1476.03
1685.92
255.57
1599.27
1216.36
924.90
1745.18
993.55
805.12
1718.71
960.47
1408.25
1793.07
755.30
1436.66
640.56
949.04
1573.12
1803.97
1154.77
1586.22
1633.26
1277.26
1759.33
1732.46
1575.87
1640.78
1450.67
1430.04
799.12
1710.72
1883.49
703.45
835.08
879.65
1649.04
1798.38
1189.47
1967.87
1225.63
1189.47
2097.69
1312.16
1951.77
830.07
1373.40
1584.73
1203.93
1776.48
1282.80
1157.87
1759.97
1366.61
981.72
1719.37
1995.87
1558.12
1699.90
1192.88
1116.56
1309.85
1611.66
1206.95
1951.77
1691.68
1361.30
1228.94
866.18
1745.09
1827.44
1256.92
1458.63
1819.41
2239.35
718.71
1817.77
1780.07
841.27
255.57
1487.93
1361.30
1339.93
966.26
713.71
1556.70
1721.56
1443.96
1918.46
1395.03
1449.26
935.38
1624.01
1012.00
1222.60
877.17
917.79
1165.44
764.24
924.90
1809.83
2159.33
1810.37
1988.56
1228.94
1603.60
1703.02
1229.87
1373.40
1857.04
1279.31
644.69
1696.65
2248.12
1585.02
1373.40
1500.09
2024.20
972.95
837.36
1411.95
1588.80
935.38
1045.96
1114.90
1113.16
1871.76
1423.86
1305.54
1807.33
1625.53
1586.22
303.94
437.40
1987.39
1685.92
1022.81
1897.37
990.84
924.90
779.66
1593.24
1228.94
1997.52
718.30
1419.34
1423.86
764.24
1968.40
1171.68
594.93
1696.86
1796.98
1691.15
1273.45
1872.81
1623.81
764.24
1944.89
2159.33
1456.34
2132.85
1114.90
2162.13
784.52
1694.37
873.97
1531.20
873.97
1189.47
669.85
1451.85
1309.85
1661.61
686.54
788.53
1577.55
1215.96
1987.39
1847.84
1624.11
779.08
1215.96
927.98
695.66
1606.76
866.18
1531.20
1394.38
1423.86
1429.72
1666.18
891.90
949.04
1883.49
1342.39
2000.42
628.40
905.79
1759.33
924.90
1394.38
1685.92
1573.12
1361.30
150.34
1858.36
1394.38
1840.75
1324.64
1557.20
1394.38
1951.77
1810.37
1662.88
1575.87
1780.65
813.95
1842.10
1519.98
1443.96
1871.27
1872.44
1434.71
1344.18
1839.05
1770.91
1229.87
1796.70
1339.93
1166.93
845.35
1305.54
1951.77
1109.32
891.90
1691.68
883.11
1558.12
1394.38
1208.82
1603.89
1510.91
1637.65
1250.66
1662.88
1516.68
1171.54
1120.22
1630.47
1516.58
1623.81
1183.16
1271.52
847.33
1844.58
1346.14
1703.02
1154.77
2097.69
1807.42
1248.46
1989.13
1220.35
1779.08
1454.47
1366.61
1377.35
1593.12
1377.35
600.23
1556.68
1522.45
917.79
2097.69
1281.64
2000.39
1133.45
1451.85
1048.28
1883.21
1490.96
1980.99
1565.16
1419.34
1881.36
969.85
1606.76
883.11
1447.25
1084.79
1248.46
1273.45
1987.39
1701.23
1557.20
1260.96
1203.93
1553.21
2337.73
1732.12
636.51
1229.87
1116.56
1548.87
1531.20
1624.01
1465.26
1531.20
150.34
1632.42
1755.18
1364.54
1691.68
897.78
1878.06
1809.91
1190.16
570.71
2239.35
1110.00
1561.41
1643.96
1456.34
2159.33
1250.66
1827.44
1728.07
539.36
1338.30
150.34
1862.13
949.04
962.14
1968.40
1871.76
873.97
1500.09
1580.95
1804.68
1872.44
204.58
1638.66
1222.60
1889.71
1261.41
2143.74
2090.54
2097.69
1485.05
1649.49
1220.35
1490.96
594.93
1640.78
1632.42
992.40
927.98
1676.79
1412.13
1721.56
255.57
1691.38
1643.96
924.90
1277.26
788.62
1483.58
1058.50
1179.09
1193.72
1107.96
1561.63
1585.02
1146.78
1292.93
1612.43
1281.64
1603.89
1361.30
1710.98
1852.24
927.98
1216.36
1110.55
1638.66
837.36
671.06
1408.25
695.66
902.09
1516.68
628.40
2000.42
1114.90
2097.69
511.23
1201.26
1339.93
875.39
1394.38
1394.38
1492.02
1931.21
695.66
1311.23
1449.26
1682.62
636.51
1434.42
1403.60
913.29
2000.39
1843.97
418.17
1342.39
1312.16
1632.61
1568.41
1372.83
322.00
686.54
1995.87
1062.52
2279.82
1033.44
866.76
1951.77
1215.96
1437.95
1048.28
1558.12
1513.04
1408.25
1273.45
850.57
1434.42
1373.40
1447.39
1478.11
851.24
1421.07
962.14
1295.34
1364.54
1732.46
2000.39
1586.22
1269.10
2030.59
935.40
1691.68
1164.20
1662.92
1033.44
1202.90
1638.66
1612.43
1837.11
866.18
1257.31
2090.54
1694.37
2098.07
1225.63
1979.83
1831.92
2073.13
1624.11
1557.94
1588.80
1878.06
1536.60
1193.72
1438.41
1468.19
1374.90
710.25
1168.72
1761.94
1361.30
1336.74
1752.72
1809.83
1557.20
950.24
1588.80
1842.24
359.10
1454.05
1311.23
1572.91
1682.33
1084.79
1688.90
710.25
482.65
1264.53
1780.65
1980.99
1776.48
1798.47
1377.35
1915.79
1745.18
2072.18
978.13
1755.18
648.53
966.87
1110.60
1459.63
1063.46
1624.11
1179.09
1588.80
1605.84
1649.49
1421.07
1434.42
1649.04
1346.14
1567.43
1881.36
644.69
866.05
1264.53
1690.82
1410.58
1309.85
891.90
872.19
1625.53
1705.90
1179.09
830.45
1145.33
1710.53
1456.34
1339.93
935.38
1883.49
1513.28
1624.11
1600.10
1475.40
1163.10
779.66
1516.68
873.97
972.58
1785.47
1970.01
1206.95
1970.01
873.97
1235.69
1058.50
978.13
935.38
1256.92
1603.89
1510.57
992.40
1549.82
1760.00
1516.43
1361.30
1658.97
1558.12
2050.62
1193.72
788.53
1361.30
1827.44
1281.64
1237.62
1691.68
1171.68
543.18
1555.48
1635.50
802.95
1238.04
1189.47
897.78
1593.24
1560.78
1256.92
1154.77
1556.70
1611.66
1729.08
1807.42
1365.73
1449.26
1761.68
1755.05
1624.87
1840.75
1788.75
1605.84
1599.27
1110.00
1487.93
1090.31
1250.66
1747.22
1305.54
1114.90
1793.07
718.71
1803.97
1192.88
1154.77
1019.85
1951.77
1587.21
1522.76
1603.60
1411.95
1682.33
748.57
1392.10
924.65
1467.52
1645.06
1045.96
1478.11
1476.03
891.90
1209.08
873.97
1490.96
1761.94
1033.44
1113.16
683.10
1573.12
543.56
1058.50
1031.34
1373.40
1558.12
1987.39
2030.76
1349.04
2159.33
564.16
1045.96
1979.83
1465.26
1317.33
1453.25
1489.99
1144.41
1897.37
1696.86
1050.25
2214.64
2239.35
2065.16
1611.66
1539.77
845.35
1483.77
1215.84
1522.76
1483.58
947.72
516.69
1951.77
1516.68
841.27
1465.72
1590.82
1163.10
1590.82
1881.36
1110.60
799.12
1235.69
1718.76
683.10
764.24
570.99
1960.92
1649.04
1202.46
1897.37
1311.23
1752.72
1695.08
1388.05
1395.03
1951.77
1558.12
1193.72
1635.50
949.04
718.71
1539.00
1637.65
1351.69
1556.78
860.32
1714.80
1831.92
2098.07
2050.62
1606.63
1645.06
1438.41
2162.13
1776.62
1237.62
850.57
686.54
1747.22
1170.54
1632.10
1765.67
1468.19
949.04
1447.95
1429.72
1388.05
794.70
1410.58
1720.21
795.80
644.69
1023.65
1691.15
1518.93
1163.10
785.59
1585.02
1389.11
1462.01
1461.33
1276.06
1827.44
1193.72
1419.34
1317.33
1832.34
1154.77
1809.83
1395.03
1478.31
594.93
682.22
1798.38
949.04
966.87
1557.20
866.76
1603.60
1832.34
1600.42
1852.24
2098.07
1557.20
1987.44
1902.37
1306.64
1324.64
1520.73
1666.52
1250.66
1164.20
1523.26
1361.30
1163.10
1682.33
1691.15
1163.10
1573.12
1718.71
731.28
564.16
1685.92
1477.12
1468.46
1810.37
1637.65
1215.84
1022.81
1599.27
1346.14
1110.60
1897.37
1419.48
1897.37
1473.75
1656.28
1170.54
1515.99
1739.49
1759.97
2248.12
1058.50
624.78
1373.40
1406.95
897.78
751.58
1694.37
1251.14
1917.57
1033.44
1792.88
1913.87
1831.92
873.97
1515.99
1685.92
866.07
715.19
666.59
1215.84
1815.02
1632.10
648.53
1193.72
1585.02
1649.04
1603.89
1889.90
1997.52
1902.37
1523.26
1956.89
947.72
1110.55
290.36
1643.96
1491.90
1311.23
1523.26
1600.42
2090.54
1833.27
1755.18
1499.68
1439.17
1468.19
1565.16
2030.76
1951.77
1454.05
794.70
1662.92
877.17
1396.28
1434.42
1475.40
1857.04
1306.64
1085.40
1243.10
540.97
1561.20
1638.66
1671.23
1499.24
1273.45
1396.28
1394.38
1077.35
522.58
1548.87
695.66
1619.00
1085.40
2030.59
962.14
1840.75
1758.56
1555.48
1612.43
1809.29
1271.52
1803.97
647.00
1410.58
1894.85
901.36
1306.64
1535.30
1558.12
568.17
1485.05
1513.04
1389.11
1885.87
1944.88
225.12
1510.91
572.73
1553.21
1421.07
1674.09
1435.34
1779.08
1996.18
540.97
128.91
1365.21
1114.90
1139.94
1090.31
835.08
1796.98
913.29
1718.79
1522.45
830.07
883.11
1295.34
1673.70
1827.44
851.24
1611.66
1588.80
1183.74
667.85
794.70
1557.20
1366.61
993.55
1478.11
837.36
1695.08
647.00
1225.63
1785.53
1556.68
1857.04
1630.66
1505.19
956.61
1653.69
788.62
1608.55
1396.28
1673.70
1206.95
1192.88
1459.63
1562.23
1603.89
1478.93
1847.84
1740.85
1977.89
788.62
1737.86
1344.71
1483.06
1951.77
1691.68
1645.06
960.47
1168.72
1235.69
1788.75
1483.06
902.09
1726.51
711.07
1553.21
1663.39
1968.40
1144.41
1022.81
883.11
1500.09
2143.74
949.04
1716.13
1608.55
1273.45
704.94
1645.06
862.61
1468.19
609.73
1134.47
1113.16
1389.11
1964.86
1995.87
873.97
1603.60
718.30
683.10
1550.55
1276.06
751.58
1577.55
1807.67
1081.05
1536.60
1267.98
1361.30
1451.85
1483.58
1190.16
1276.06
1408.25
459.21
609.73
1569.37
1228.94
1171.68
1250.66
1366.61
1167.78
852.02
1915.79
781.82
847.33
1429.72
1565.16
1695.08
1170.54
1558.09
1662.92
644.69
1515.99
1931.21
1388.05
1691.68
1791.69
966.26
1761.68
1539.77
1878.06
1374.91
917.79
1729.08
1361.30
1715.29
1953.03
1849.58
1778.65
1558.12
1295.14
1624.11
1645.06
1215.96
1500.28
879.65
1705.27
1899.69
1881.36
1996.18
1360.76
969.85
1465.90
1800.86
1656.28
1721.56
624.78
1388.05
540.97
1827.44
2030.76
1585.02
1623.73
981.72
949.04
1705.24
1413.52
1394.38
1467.52
1324.64
1842.24
1611.66
764.24
1228.94
1676.79
1338.30
1394.38
1577.55
1628.66
924.90
875.39
448.34
1745.09
913.29
1690.82
1732.20
1542.40
1632.42
2097.69
873.97
1339.93
1459.63
1374.90
1366.61
676.38
1815.02
1556.68
1435.34
464.68
1189.47
1513.28
1557.20
924.90
1776.48
929.16
686.54
1531.20
1273.45
1727.10
446.94
1273.45
902.09
2014.72
1977.89
1372.83
1050.05
625.15
1600.42
1573.12
1755.18
380.88
1755.18
1711.55
1779.08
1557.94
1761.94
924.65
667.98
1823.47
1770.37
1695.08
1423.85
1273.45
1443.02
1154.77
866.05
2015.18
916.02
1388.05
1419.88
1017.64
1149.07
1588.80
1905.50
1292.77
535.67
1516.43
927.98
1673.70
1522.76
1366.61
1796.70
1515.54
1661.61
2030.59
1649.42
981.72
1395.65
2143.74
1164.20
1542.40
1696.86
935.38
1273.45
1630.47
857.42
1588.80
711.07
1444.13
1154.77
1192.88
1624.01
726.14
1309.85
1951.77
738.92
2337.73
874.99
1155.05
981.72
1606.76
1843.97
1281.64
1535.30
1144.41
1154.77
813.95
1724.42
1267.98
1918.89
1682.62
1710.72
1202.69
1462.01
1487.93
1815.02
1251.14
1447.39
1676.79
667.98
1921.68
1897.87
1915.79
1803.97
1865.67
1110.60
1599.27
255.57
1394.55
1149.07
1372.83
793.58
2143.74
1371.86
1410.58
907.19
1987.39
1045.96
158.35
564.16
924.90
1873.19
2065.16
1776.62
1705.27
1776.48
1273.45
1465.26
935.38
1285.23
1468.19
703.45
695.66
1739.49
1154.77
693.36
1416.33
1710.72
1366.61
1698.00
1870.43
1190.16
1951.77
1674.09
1483.58
1765.67
1439.17
1410.58
737.28
1114.90
500.92
1624.68
1590.82
1831.92
1531.20
1113.16
1339.93
1285.20
589.11
1395.03
1827.44
1483.33
1833.27
1483.77
1361.30
2014.72
844.90
1396.28
764.24
1918.46
1311.23
1154.77
1110.55
1718.79
1977.89
1608.55
1164.20
483.34
2030.76
981.72
1522.45
1395.03
1257.31
1452.17
1447.39
1516.43
1192.88
848.89
1997.52
1638.66
726.14
1720.21
1349.04
1395.03
522.58
1752.72
1573.12
464.68
1208.82
1458.63
303.94
1500.28
1295.14
1392.10
1710.72
1483.58
1639.55
1777.72
2164.15
482.65
1638.66
648.53
1635.50
1419.48
1110.00
1879.09
1336.74
1703.20
1531.20
1412.13
1875.72
1155.05
1721.56
1453.25
1371.86
1220.35
1694.37
384.77
1165.44
901.36
879.65
1705.90
875.39
1033.44
1987.44
1522.60
1225.63
221.23
1295.34
1119.17
866.07
1163.10
788.62
1612.43
1707.38
2050.62
1434.42
1918.46
703.45
1465.26
2098.07
1556.68
1587.21
2162.03
1295.34
1603.89
1447.95
1328.85
1899.69
1803.97
1510.91
1154.77
1662.92
695.66
1515.99
913.29
1915.79
1459.63
1183.74
1465.26
1573.12
1894.85
1695.08
150.34
1557.20
1710.72
1253.76
917.79
1429.72
1584.73
1412.13
947.72
1987.44
1671.23
1633.26
2014.72
1847.84
1395.03
1367.64
1545.67
1610.25
1388.05
448.34
1605.84
1788.75
784.52
1090.35
1643.68
704.94
594.93
682.22
1916.37
1361.30
